1.915631381067833372e+00 -1.874597431568292949e+00
2.365892619627505411e+00 -6.352843577969706779e-01
8.476614760648899516e-01 1.721590685931114750e+00
5.789818954509449167e-01 7.501149792742027866e-01
-8.705115505181386659e-01 -1.501903103174135445e+00
9.965824827840480404e-01 -1.960593735450143704e+00
6.350275243925170843e-01 -5.582753669799956908e-01
4.400470970528045367e-01 -5.057407100289702528e-01
-3.352316454582980332e-01 -4.901248187855803407e-01
-1.640836582025901214e+00 -1.210801158427490698e+00
